silences_new_wav_segment_0_0_0000_6_3590_A
0 0 15 15 3.2188758248682006
0 0 14 14 3.2188758248682006
0 0 9 9 2.5257286443082556
0 0 11 11 3.2188758248682006
0 0 20 20 3.2188758248682006
0 0 22 22 3.2188758248682006
0 0 24 24 3.2188758248682006
0 0 19 19 3.2188758248682006
0 0 13 13 3.2188758248682006
0 0 7 7 3.2188758248682006
0 0 12 12 3.2188758248682006
0 0 6 6 3.2188758248682006
0 0 16 16 3.2188758248682006
0 0 21 21 3.2188758248682006
0 0 5 5 3.2188758248682006
0 0 3 3 2.5257286443082556
0 0 4 4 3.2188758248682006
0 0 25 25 3.2188758248682006
0 0 18 18 3.2188758248682006
0 0 8 8 3.2188758248682006
0 0 10 10 3.2188758248682006
0 0 23 23 3.2188758248682006
0 0 17 17 3.2188758248682006
0 3.2188758248682006

